26
Basion 30.941779 30.813625 574 198
Ktor 30.978331 30.952693 719 196
El-mahlla 30.971560 31.170333 864 153
Samanod 30.961345 31.241260 964 224
Kafr el-ziat 30.825319 30.813917 573 345
Tanta 30.786131 31.000382 710 347
Santa 30.745232 31.130330 840 375
Zefta 30.706316 31.244609 942 411
Tala 30.679286 30.942829 666 466
Berkt el-sab3 30.638652 31.080727 810 505
El-shohada 30.594499 30.893262 600 537
Shebin el-kom 30.559824 31.008276 735 569
Quisna 30.565681 31.160686 872 583
Menouf 30.466704 30.930580 632 656
Sirs allyan 30.442247 30.967424 703 684
El-bagor 30.422668 31.037439 778 700
Ashmon 30.295408 30.971087 736 830
El-sadat 30.355986 30.538684 410 766
Kafr shokr 30.549007 31.265398 1010 597
Banha 30.460730 31.190396 954 672
Tokh 30.356074 31.197553 943 778
El-kanater 30.191338 31.145669 849 871
Qalub 30.179782 31.206431 976 904
Shebin el-kanater 30.315968 31.320877 1055 810
El-khanka 30.214147 31.357843 1146 869
Shoubra 30.112404 31.248604 1015 964
49
5 6 18.5
5 4 19.8
5 0 30
5 1 27.2
5 2 27
0 1 18
0 4 21.5
1 2 28
1 6 35.5
2 3 8
2 6 30.4
2 7 40
3 6 45.6
3 7 35
6 7 15.5
8 10 13.7
8 9 18
9 12 15
11 8 16.3
11 10 14.3
11 9 14
11 12 18.3
11 15 16.5
13 10 18
13 11 19.8
13 14 5.5
13 15 14
13 16 28
13 17 55
15 12 33.7
15 14 8.1
15 16 22
16 17 75
19 18 14.5
19 20 14.5
19 23 35
20 23 14.7
20 22 22.7
20 21 24
23 22 20.2
23 24 17
22 21 7.7
25 22 11 
9 7 24.5
9 6 15.5
8 5 15.1
9 5 19
16 21 21.4
12 19 13.7
15 19 17.3 